+3V3       16 pad(s)
      C1    1   (  92.480, 180.500)
      C2    1   (  92.480, 200.500)
      C3    1   (  92.480, 220.500)
      C4    1   (  92.480, 240.500)
      U1    10  (  92.725, 169.825)
      U1    16  (  92.725, 177.445)
      U2    10  (  92.725, 189.825)
      U2    16  (  92.725, 197.445)
      U3    10  (  92.725, 209.825)
      U3    16  (  92.725, 217.445)
      U4    10  (  92.725, 229.825)
      U4    16  (  92.725, 237.445)
      J1    37  ( 143.750, 243.150)
      J1    38  ( 144.250, 243.150)
      J1    39  ( 144.750, 243.150)
      J1    40  ( 145.250, 243.150)
CSEL0       3 pad(s)
      U3    5   (  97.675, 212.365)
      Q211  1   ( 111.569, 246.850)
      R22   1   ( 111.990, 242.500)
CSEL1       3 pad(s)
      U3    6   (  97.675, 211.095)
      R23   1   ( 113.990, 242.500)
      Q212  1   ( 115.526, 246.850)
CSEL2       3 pad(s)
      U3    7   (  97.675, 209.825)
      R24   1   ( 115.990, 242.500)
      Q213  1   ( 119.484, 246.850)
CSEL3       4 pad(s)
      U4    15  (  92.725, 236.175)
      J1A   15  (  95.400, 151.230)
      R25   1   ( 117.990, 242.500)
      Q214  1   ( 120.825, 102.550)
CSEL4       4 pad(s)
      J1A   14  (  95.400, 148.690)
      U4    1   (  97.675, 237.445)
      R26   1   ( 119.990, 242.500)
      Q215  1   ( 127.225, 102.550)
CSEL5       4 pad(s)
      U4    2   (  97.675, 236.175)
      Q216  1   ( 133.625, 102.550)
      R27   1   ( 149.990, 242.500)
      J1B   11  ( 175.600, 206.370)
CSEL6       4 pad(s)
      U4    3   (  97.675, 234.905)
      Q217  1   ( 140.025, 102.550)
      R28   1   ( 151.990, 242.500)
      J1B   12  ( 175.600, 208.910)
CSEL7       3 pad(s)
      U4    4   (  97.675, 233.635)
      Q218  1   ( 149.641, 246.850)
      R29   1   ( 153.990, 242.500)
CSEL8       3 pad(s)
      U4    5   (  97.675, 232.365)
      Q219  1   ( 153.599, 246.850)
      R30   1   ( 155.990, 242.500)
CSEL9       3 pad(s)
      U4    6   (  97.675, 231.095)
      Q220  1   ( 157.556, 246.850)
      R31   1   ( 157.990, 242.500)
DRV_CASC1   2 pad(s)
      U1    9   (  92.725, 168.555)
      U2    14  (  92.725, 194.905)
DRV_CASC2   2 pad(s)
      U2    9   (  92.725, 188.555)
      U3    14  (  92.725, 214.905)
DRV_CASC3   2 pad(s)
      U3    9   (  92.725, 208.555)
      U4    14  (  92.725, 234.905)
GND        86 pad(s)
      C1    2   (  91.520, 180.500)
      C2    2   (  91.520, 200.500)
      C3    2   (  91.520, 220.500)
      C4    2   (  91.520, 240.500)
      J1A   16  (  95.400, 153.770)
      J1A   17  (  95.400, 156.310)
      J1A   18  (  95.400, 158.850)
      J1A   19  (  95.400, 161.390)
      U1    8   (  97.675, 168.555)
      U2    8   (  97.675, 188.555)
      U3    8   (  97.675, 208.555)
      U4    8   (  97.675, 228.555)
      R1    2   ( 102.610, 107.800)
      R2    2   ( 102.610, 114.200)
      R3    2   ( 102.610, 120.600)
      R4    2   ( 102.610, 127.000)
      R5    2   ( 102.610, 133.400)
      R6    2   ( 102.610, 139.800)
      R7    2   ( 102.610, 146.200)
      R8    2   ( 102.610, 152.600)
      R9    2   ( 102.610, 159.000)
      R10   2   ( 102.610, 165.400)
      R11   2   ( 102.610, 171.800)
      R12   2   ( 102.610, 178.200)
      R13   2   ( 102.610, 184.600)
      R14   2   ( 102.610, 191.000)
      R15   2   ( 102.610, 197.400)
      R16   2   ( 102.610, 203.800)
      R17   2   ( 102.610, 210.200)
      R18   2   ( 102.610, 216.600)
      R19   2   ( 102.610, 223.000)
      R20   2   ( 102.610, 229.400)
      R21   2   ( 102.610, 235.800)
      Q211  2   ( 111.569, 248.750)
      R22   2   ( 113.010, 242.500)
      R23   2   ( 115.010, 242.500)
      Q212  2   ( 115.526, 248.750)
      R24   2   ( 117.010, 242.500)
      R25   2   ( 119.010, 242.500)
      Q213  2   ( 119.484, 248.750)
      Q214  2   ( 120.825, 104.450)
      R26   2   ( 121.010, 242.500)
      Q215  2   ( 127.225, 104.450)
      J1    5   ( 127.750, 243.150)
      J1    6   ( 128.250, 243.150)
      J1    7   ( 128.750, 243.150)
      J1    8   ( 129.250, 243.150)
      J1    9   ( 129.750, 243.150)
      J1    10  ( 130.250, 243.150)
      J1    11  ( 130.750, 243.150)
      J1    12  ( 131.250, 243.150)
      J1    13  ( 131.750, 243.150)
      J1    14  ( 132.250, 243.150)
      J1    15  ( 132.750, 243.150)
      J1    16  ( 133.250, 243.150)
      Q216  2   ( 133.625, 104.450)
      J1    17  ( 133.750, 243.150)
      J1    18  ( 134.250, 243.150)
      J1    19  ( 134.750, 243.150)
      J1    20  ( 135.250, 243.150)
      J1    21  ( 135.750, 243.150)
      J1    22  ( 136.250, 243.150)
      J1    23  ( 136.750, 243.150)
      J1    24  ( 137.250, 243.150)
      J1    25  ( 137.750, 243.150)
      J1    26  ( 138.250, 243.150)
      J1    27  ( 138.750, 243.150)
      J1    28  ( 139.250, 243.150)
      J1    29  ( 139.750, 243.150)
      Q217  2   ( 140.025, 104.450)
      J1    30  ( 140.250, 243.150)
      J1    31  ( 140.750, 243.150)
      J1    32  ( 141.250, 243.150)
      J1    33  ( 141.750, 243.150)
      J1    34  ( 142.250, 243.150)
      J1    35  ( 142.750, 243.150)
      J1    36  ( 143.250, 243.150)
      Q218  2   ( 149.641, 248.750)
      R27   2   ( 151.010, 242.500)
      R28   2   ( 153.010, 242.500)
      Q219  2   ( 153.599, 248.750)
      R29   2   ( 155.010, 242.500)
      R30   2   ( 157.010, 242.500)
      Q220  2   ( 157.556, 248.750)
      R31   2   ( 159.010, 242.500)
      J1B   16  ( 175.600, 219.070)
IO10        5 pad(s)
      U1    11  (  92.725, 171.095)
      U2    11  (  92.725, 191.095)
      U3    11  (  92.725, 211.095)
      U4    11  (  92.725, 231.095)
      J1    2   ( 126.250, 243.150)
IO11        5 pad(s)
      U1    12  (  92.725, 172.365)
      U2    12  (  92.725, 192.365)
      U3    12  (  92.725, 212.365)
      U4    12  (  92.725, 232.365)
      J1    3   ( 126.750, 243.150)
IO12        5 pad(s)
      U1    13  (  92.725, 173.635)
      U2    13  (  92.725, 193.635)
      U3    13  (  92.725, 213.635)
      U4    13  (  92.725, 233.635)
      J1    4   ( 127.250, 243.150)
IO9         2 pad(s)
      U1    14  (  92.725, 174.905)
      J1    1   ( 125.750, 243.150)
ROW0       13 pad(s)
      U1    15  (  92.725, 176.175)
      J1A   2   (  95.400, 118.210)
      R1    1   ( 101.590, 107.800)
      Q1    1   ( 105.763, 110.050)
      Q2    1   ( 112.162, 110.050)
      Q3    1   ( 118.562, 110.050)
      Q4    1   ( 124.963, 110.050)
      Q5    1   ( 131.363, 110.050)
      Q6    1   ( 137.762, 110.050)
      Q7    1   ( 144.162, 110.050)
      Q8    1   ( 150.562, 110.050)
      Q9    1   ( 156.963, 110.050)
      Q10   1   ( 163.363, 110.050)
ROW1       13 pad(s)
      J1A   3   (  95.400, 120.750)
      U1    1   (  97.675, 177.445)
      R2    1   ( 101.590, 114.200)
      Q11   1   ( 105.763, 116.450)
      Q12   1   ( 112.162, 116.450)
      Q13   1   ( 118.562, 116.450)
      Q14   1   ( 124.963, 116.450)
      Q15   1   ( 131.363, 116.450)
      Q16   1   ( 137.762, 116.450)
      Q17   1   ( 144.162, 116.450)
      Q18   1   ( 150.562, 116.450)
      Q19   1   ( 156.963, 116.450)
      Q20   1   ( 163.363, 116.450)
ROW10      13 pad(s)
      U2    2   (  97.675, 196.175)
      R11   1   ( 101.590, 171.800)
      Q101  1   ( 105.763, 174.050)
      Q102  1   ( 112.162, 174.050)
      Q103  1   ( 118.562, 174.050)
      Q104  1   ( 124.963, 174.050)
      Q105  1   ( 131.363, 174.050)
      Q106  1   ( 137.762, 174.050)
      Q107  1   ( 144.162, 174.050)
      Q108  1   ( 150.562, 174.050)
      Q109  1   ( 156.963, 174.050)
      Q110  1   ( 163.363, 174.050)
      J1B   1   ( 175.600, 180.970)
ROW11      12 pad(s)
      U2    3   (  97.675, 194.905)
      R12   1   ( 101.590, 178.200)
      Q111  1   ( 105.763, 180.450)
      Q112  1   ( 112.162, 180.450)
      Q113  1   ( 118.562, 180.450)
      Q114  1   ( 124.963, 180.450)
      Q115  1   ( 131.363, 180.450)
      Q116  1   ( 137.762, 180.450)
      Q117  1   ( 144.162, 180.450)
      Q118  1   ( 150.562, 180.450)
      Q119  1   ( 156.963, 180.450)
      Q120  1   ( 163.363, 180.450)
ROW12      12 pad(s)
      U2    4   (  97.675, 193.635)
      R13   1   ( 101.590, 184.600)
      Q121  1   ( 105.763, 186.850)
      Q122  1   ( 112.162, 186.850)
      Q123  1   ( 118.562, 186.850)
      Q124  1   ( 124.963, 186.850)
      Q125  1   ( 131.363, 186.850)
      Q126  1   ( 137.762, 186.850)
      Q127  1   ( 144.162, 186.850)
      Q128  1   ( 150.562, 186.850)
      Q129  1   ( 156.963, 186.850)
      Q130  1   ( 163.363, 186.850)
ROW13      12 pad(s)
      U2    5   (  97.675, 192.365)
      R14   1   ( 101.590, 191.000)
      Q131  1   ( 105.763, 193.250)
      Q132  1   ( 112.162, 193.250)
      Q133  1   ( 118.562, 193.250)
      Q134  1   ( 124.963, 193.250)
      Q135  1   ( 131.363, 193.250)
      Q136  1   ( 137.762, 193.250)
      Q137  1   ( 144.162, 193.250)
      Q138  1   ( 150.562, 193.250)
      Q139  1   ( 156.963, 193.250)
      Q140  1   ( 163.363, 193.250)
ROW14      12 pad(s)
      U2    6   (  97.675, 191.095)
      R15   1   ( 101.590, 197.400)
      Q141  1   ( 105.763, 199.650)
      Q142  1   ( 112.162, 199.650)
      Q143  1   ( 118.562, 199.650)
      Q144  1   ( 124.963, 199.650)
      Q145  1   ( 131.363, 199.650)
      Q146  1   ( 137.762, 199.650)
      Q147  1   ( 144.162, 199.650)
      Q148  1   ( 150.562, 199.650)
      Q149  1   ( 156.963, 199.650)
      Q150  1   ( 163.363, 199.650)
ROW15      12 pad(s)
      U2    7   (  97.675, 189.825)
      R16   1   ( 101.590, 203.800)
      Q151  1   ( 105.763, 206.050)
      Q152  1   ( 112.162, 206.050)
      Q153  1   ( 118.562, 206.050)
      Q154  1   ( 124.963, 206.050)
      Q155  1   ( 131.363, 206.050)
      Q156  1   ( 137.762, 206.050)
      Q157  1   ( 144.162, 206.050)
      Q158  1   ( 150.562, 206.050)
      Q159  1   ( 156.963, 206.050)
      Q160  1   ( 163.363, 206.050)
ROW16      12 pad(s)
      U3    15  (  92.725, 216.175)
      R17   1   ( 101.590, 210.200)
      Q161  1   ( 105.763, 212.450)
      Q162  1   ( 112.162, 212.450)
      Q163  1   ( 118.562, 212.450)
      Q164  1   ( 124.963, 212.450)
      Q165  1   ( 131.363, 212.450)
      Q166  1   ( 137.762, 212.450)
      Q167  1   ( 144.162, 212.450)
      Q168  1   ( 150.562, 212.450)
      Q169  1   ( 156.963, 212.450)
      Q170  1   ( 163.363, 212.450)
ROW17      12 pad(s)
      U3    1   (  97.675, 217.445)
      R18   1   ( 101.590, 216.600)
      Q171  1   ( 105.763, 218.850)
      Q172  1   ( 112.162, 218.850)
      Q173  1   ( 118.562, 218.850)
      Q174  1   ( 124.963, 218.850)
      Q175  1   ( 131.363, 218.850)
      Q176  1   ( 137.762, 218.850)
      Q177  1   ( 144.162, 218.850)
      Q178  1   ( 150.562, 218.850)
      Q179  1   ( 156.963, 218.850)
      Q180  1   ( 163.363, 218.850)
ROW18      12 pad(s)
      U3    2   (  97.675, 216.175)
      R19   1   ( 101.590, 223.000)
      Q181  1   ( 105.763, 225.250)
      Q182  1   ( 112.162, 225.250)
      Q183  1   ( 118.562, 225.250)
      Q184  1   ( 124.963, 225.250)
      Q185  1   ( 131.363, 225.250)
      Q186  1   ( 137.762, 225.250)
      Q187  1   ( 144.162, 225.250)
      Q188  1   ( 150.562, 225.250)
      Q189  1   ( 156.963, 225.250)
      Q190  1   ( 163.363, 225.250)
ROW19      12 pad(s)
      U3    3   (  97.675, 214.905)
      R20   1   ( 101.590, 229.400)
      Q191  1   ( 105.763, 231.650)
      Q192  1   ( 112.162, 231.650)
      Q193  1   ( 118.562, 231.650)
      Q194  1   ( 124.963, 231.650)
      Q195  1   ( 131.363, 231.650)
      Q196  1   ( 137.762, 231.650)
      Q197  1   ( 144.162, 231.650)
      Q198  1   ( 150.562, 231.650)
      Q199  1   ( 156.963, 231.650)
      Q200  1   ( 163.363, 231.650)
ROW2       12 pad(s)
      U1    2   (  97.675, 176.175)
      R3    1   ( 101.590, 120.600)
      Q21   1   ( 105.763, 122.850)
      Q22   1   ( 112.162, 122.850)
      Q23   1   ( 118.562, 122.850)
      Q24   1   ( 124.963, 122.850)
      Q25   1   ( 131.363, 122.850)
      Q26   1   ( 137.762, 122.850)
      Q27   1   ( 144.162, 122.850)
      Q28   1   ( 150.562, 122.850)
      Q29   1   ( 156.963, 122.850)
      Q30   1   ( 163.363, 122.850)
ROW20      12 pad(s)
      U3    4   (  97.675, 213.635)
      R21   1   ( 101.590, 235.800)
      Q201  1   ( 105.763, 238.050)
      Q202  1   ( 112.162, 238.050)
      Q203  1   ( 118.562, 238.050)
      Q204  1   ( 124.963, 238.050)
      Q205  1   ( 131.363, 238.050)
      Q206  1   ( 137.762, 238.050)
      Q207  1   ( 144.162, 238.050)
      Q208  1   ( 150.562, 238.050)
      Q209  1   ( 156.963, 238.050)
      Q210  1   ( 163.363, 238.050)
ROW3       13 pad(s)
      J1A   1   (  95.400, 115.670)
      U1    3   (  97.675, 174.905)
      R4    1   ( 101.590, 127.000)
      Q31   1   ( 105.763, 129.250)
      Q32   1   ( 112.162, 129.250)
      Q33   1   ( 118.562, 129.250)
      Q34   1   ( 124.963, 129.250)
      Q35   1   ( 131.363, 129.250)
      Q36   1   ( 137.762, 129.250)
      Q37   1   ( 144.162, 129.250)
      Q38   1   ( 150.562, 129.250)
      Q39   1   ( 156.963, 129.250)
      Q40   1   ( 163.363, 129.250)
ROW4       12 pad(s)
      U1    4   (  97.675, 173.635)
      R5    1   ( 101.590, 133.400)
      Q41   1   ( 105.763, 135.650)
      Q42   1   ( 112.162, 135.650)
      Q43   1   ( 118.562, 135.650)
      Q44   1   ( 124.963, 135.650)
      Q45   1   ( 131.363, 135.650)
      Q46   1   ( 137.762, 135.650)
      Q47   1   ( 144.162, 135.650)
      Q48   1   ( 150.562, 135.650)
      Q49   1   ( 156.963, 135.650)
      Q50   1   ( 163.363, 135.650)
ROW5       13 pad(s)
      J1A   20  (  95.400, 163.930)
      U1    5   (  97.675, 172.365)
      R6    1   ( 101.590, 139.800)
      Q51   1   ( 105.763, 142.050)
      Q52   1   ( 112.162, 142.050)
      Q53   1   ( 118.562, 142.050)
      Q54   1   ( 124.963, 142.050)
      Q55   1   ( 131.363, 142.050)
      Q56   1   ( 137.762, 142.050)
      Q57   1   ( 144.162, 142.050)
      Q58   1   ( 150.562, 142.050)
      Q59   1   ( 156.963, 142.050)
      Q60   1   ( 163.363, 142.050)
ROW6       13 pad(s)
      J1A   6   (  95.400, 128.370)
      U1    6   (  97.675, 171.095)
      R7    1   ( 101.590, 146.200)
      Q61   1   ( 105.763, 148.450)
      Q62   1   ( 112.162, 148.450)
      Q63   1   ( 118.562, 148.450)
      Q64   1   ( 124.963, 148.450)
      Q65   1   ( 131.363, 148.450)
      Q66   1   ( 137.762, 148.450)
      Q67   1   ( 144.162, 148.450)
      Q68   1   ( 150.562, 148.450)
      Q69   1   ( 156.963, 148.450)
      Q70   1   ( 163.363, 148.450)
ROW7       13 pad(s)
      J1A   7   (  95.400, 130.910)
      U1    7   (  97.675, 169.825)
      R8    1   ( 101.590, 152.600)
      Q71   1   ( 105.763, 154.850)
      Q72   1   ( 112.162, 154.850)
      Q73   1   ( 118.562, 154.850)
      Q74   1   ( 124.963, 154.850)
      Q75   1   ( 131.363, 154.850)
      Q76   1   ( 137.762, 154.850)
      Q77   1   ( 144.162, 154.850)
      Q78   1   ( 150.562, 154.850)
      Q79   1   ( 156.963, 154.850)
      Q80   1   ( 163.363, 154.850)
ROW8       12 pad(s)
      U2    15  (  92.725, 196.175)
      R9    1   ( 101.590, 159.000)
      Q81   1   ( 105.763, 161.250)
      Q82   1   ( 112.162, 161.250)
      Q83   1   ( 118.562, 161.250)
      Q84   1   ( 124.963, 161.250)
      Q85   1   ( 131.363, 161.250)
      Q86   1   ( 137.762, 161.250)
      Q87   1   ( 144.162, 161.250)
      Q88   1   ( 150.562, 161.250)
      Q89   1   ( 156.963, 161.250)
      Q90   1   ( 163.363, 161.250)
ROW9       13 pad(s)
      J1A   9   (  95.400, 135.990)
      U2    1   (  97.675, 197.445)
      R10   1   ( 101.590, 165.400)
      Q91   1   ( 105.763, 167.650)
      Q92   1   ( 112.162, 167.650)
      Q93   1   ( 118.562, 167.650)
      Q94   1   ( 124.963, 167.650)
      Q95   1   ( 131.363, 167.650)
      Q96   1   ( 137.762, 167.650)
      Q97   1   ( 144.162, 167.650)
      Q98   1   ( 150.562, 167.650)
      Q99   1   ( 156.963, 167.650)
      Q100  1   ( 163.363, 167.650)
